5.6222987011459145
5.622282691231505
5.622080155869351
5.624843831065077
5.625382371875394
5.624664266730304
5.6364506039860505
5.636156579783891
5.63772874695014
5.631623239984264
5.624868443569043
5.628276521233291
5.628190672005677
5.625745018796205
5.632627697502103
5.624401732951225
5.632505995280964
5.626598114713881
5.6288168470814774
5.6243970790721605
5.645797916485092
5.6300477471279775
5.628306745009906
5.631643514819225
5.63229844529097
5.628085011837758
5.626788730665721
5.6339794928589395
5.623876101946503
5.625688960904197
5.6222704672028625
5.622973998406799
5.629347863774168
5.631938323662985
5.627383033652238
5.629085609845638
5.621891429018505
5.635696154496243
5.6307828056816245
5.6258485168612955
5.626780717493538
5.6272122287249315
5.632871973896376
5.627138440987627
5.62856727654708
5.631932582952095
5.62694393595706
5.643347935830311
5.628239625720057
