6.4680551950319565
6.296720071933881
6.676900591927712
6.23952315928294
6.932787774124257
6.911940117920927
6.615816463864305
6.443308393710882
6.531957622147992
6.716137657464326
6.497399629580538
6.639426986466405
6.672544985029031
6.307172317085598
6.644705351094711
6.479543237230953
6.677313359822518
6.625346492881404
6.707308667990418
6.3468745758880845
6.18568016361779
6.370291933751509
6.294625467161709
6.323461426161343
6.198176046485555
6.218340293208607
6.3732612242186235
6.543479852230587
6.492366801251208
6.891716821174908
6.606788820948808
6.7710135980206
6.499061860838634
6.6197429248254025
6.517154714489079
6.952190631820798
6.415242973901539
6.566543058140992
6.356648015264361
6.41536117784925
6.437579925441093
6.307592059814603
