5.832319006578701
5.956828638850672
6.244013533817173
6.168894196443597
6.096448447889297
6.096707388334129
6.331906166519292
6.1286867633039845
6.64638644903455
6.693750793399876
5.981455445342376
6.487036633822536
6.487174692201173
5.928926336663404
6.611098412779246
6.381902998458162
6.474987132786853
6.238238458621266
5.963645491856309
6.583950391614143
6.758551701837945
6.946006593781954
6.245940621181882
5.996575125054428
5.912442702605576
6.457373875911444
6.657189755744242
6.779938814167698
6.6840665769536445
6.4587447151548485
6.521588097504843
5.6019060010037665
6.034006117176963
6.157427069336639
6.316488561521919
6.026698704912115
6.51809016282355
6.369856724227301
5.887704596634051
5.781332167067056
6.097684414904015
5.6706328059319295
5.988298638370317
6.517628429097129
6.53659955428793
7.106678903448274
