6.009618659395296
5.599614882247567
5.703552081323511
5.397883363141242
5.031456803273278
5.555548283665412
5.2803688300973795
5.914016711065438
5.34362478637726
6.073272197177863
6.05510733427957
5.953871282343701
6.011436086567791
5.979417628146101
6.110144318266605
6.19791643146498
5.919952898059992
6.117701299149354
5.769037389875607
6.122240682282054
6.132773745310386
6.029651351152486
6.146198723212399
6.106234671539897
5.022637077483445
6.3281910678610105
5.547739296816373
6.656703895140472
6.338953992640718
